V=[[276,381],[276,398],[276,422],[276,431],[282,381],[282,385],[282,388],[282,
391],[282,393],[282,395],[282,398],[283,388],[283,391],[283,393],[283,395],[284
,385],[284,386],[284,387],[284,388],[284,395],[284,397],[284,398],[285,386],[
285,387],[285,388],[285,397],[285,398],[286,395],[286,397],[286,398],[286,401],
[286,406],[286,411],[286,415],[286,422],[287,401],[287,406],[288,385],[288,386]
,[288,395],[288,401],[288,406],[288,411],[289,385],[289,386],[289,411],[289,415
],[290,415],[290,419],[290,422],[291,411],[291,415],[291,419],[292,385],[292,
386],[292,387],[292,388],[293,419],[293,420],[293,421],[293,422],[294,387],[294
,388],[294,419],[294,420],[294,421],[295,385],[295,387],[295,388],[295,390],[
295,391],[295,395],[296,419],[296,421],[296,422],[297,390],[297,391],[297,393],
[297,395],[298,393],[298,395],[298,396],[298,399],[298,405],[298,411],[299,381]
,[299,385],[299,390],[299,393],[299,396],[299,397],[299,399],[300,399],[300,405
],[301,397],[301,399],[301,405],[301,407],[301,409],[301,411],[305,407],[305,
408],[305,409],[306,419],[306,421],[306,422],[308,407],[308,408],[309,397],[309
,399],[309,401],[309,407],[309,408],[309,409],[309,411],[310,399],[310,400],[
310,401],[311,399],[311,400],[311,419],[311,420],[311,421],[311,422],[312,397],
[312,398],[312,399],[312,400],[312,401],[315,397],[315,398],[315,419],[315,420]
,[316,397],[316,398],[317,411],[317,414],[317,416],[317,417],[317,418],[317,419
],[317,420],[317,422],[318,417],[318,418],[319,397],[319,398],[319,399],[319,
400],[319,401],[319,416],[319,417],[319,418],[320,399],[320,400],[320,414],[320
,416],[321,399],[321,400],[321,401],[321,402],[321,410],[321,411],[321,414],[
322,397],[322,399],[322,402],[322,410],[322,414],[322,416],[322,418],[322,422],
[326,381],[326,397],[326,422],[326,431]],

FV=[[11,12,13,14,18,19,24,27,39,56,62,68,69,70,71],[39,40,41,42,45,50,71,78,80,
81,82,83,84],[50,51,52,57,63,72,84,99,103,114,120,131,135,136,137,138,139,140],
[110,111,112,113,114,117,128,135,149,159,160,161,162],[135,136,155,162,163],[83
,84,93,96,97,98,99],[98,99,102,113,114],[72,73,74,103,104,105],[103,104,120,121
,122],[27,28,29,30,35,39,40],[70,71,76,77,78],[82,83,91,92,93],[22,23,24,38,44,
54,55,56],[19,20,25,27,28],[45,46,47,50,51],[136,137,150,155,156],[101,102,107,
112,113],[160,161,166,167],[35,36,40,41],[81,82,89,90,91],[77,78,79,80],[7,8,12
,13],[55,56,61,62],[63,64,65,72,73],[120,121,131,132],[137,138,143,150,151],[17
,18,23,24],[37,38,43,44],[25,26,28,29],[106,107,111,112],[57,58,63,64],[138,139
,143,144],[147,148,153,154],[129,130,133,134],[118,119,126,127],[116,117,119,
127,128],[148,149,154,158,159],[125,126,127,128,130,134,146,147,148,149],[85,86
,87,88,89,90,94,108,124,129,133,145,164,172,173],[2,3,34,49,60,74,105,123,142,
171,174,175],[1,2,10,21,26,29,30,31,32,33,34],[94,95,96,97,100,106,108,109,110,
111],[164,165,166,167,168,169,170,171,173,174],[0,1,4,5,6,7,8,9,10],[4,5,15,37,
43,53,66,85,86],[66,67,68,69,75,86,87],[33,34,46,47,48,49],[139,140,141,142,144
,152,170,171],[121,122,123,132,141,142],[97,98,100,101,102],[32,33,42,45,46],[
31,32,36,41,42],[48,49,52,57,58,59,60],[9,10,14,19,20,21],[5,6,11,15,16,17,18],
[53,54,55,61,66,67],[75,76,77,79,87,88],[108,109,115,118,124,125,126],[145,146,
147,153,157,164,165],[150,151,152,156,169,170],[155,156,163,168,169],[100,101,
106,107],[90,91,92,94,95],[92,93,95,96],[79,80,81,88,89],[15,16,22,37,38],[104,
105,122,123],[43,44,53,54],[124,125,129,130],[133,134,145,146],[6,7,11,12],[109
,110,115,116,117],[157,158,159,160,165,166],[161,162,163,167,168],[59,60,65,73,
74],[30,31,35,36],[8,9,13,14],[47,48,51,52],[16,17,22,23],[61,62,67,68],[69,70,
75,76],[20,21,25,26],[58,59,64,65],[143,144,151,152],[131,132,140,141],[153,154
,157,158],[115,116,118,119],[0,4,85,172],[0,1,2,3],[3,175],[172,173,174,175]]